00000001
00000001
00000001
00000001
00000001
00000001
00000001
00000001
00000001
00000001
00000001
00000001
00000001
00000001
00000001
00000001
00000010
00000010
00000010
00000010
00000010
00000010
00001000
00001000
00001000
00001000
00001000
00000100
00000100
00010000
00010000
00010000
00010000
00010000
00010000
00010000
00010000
00010000
00010000
00010000
00010000
00010000
00010000
00010000
00000010
00000010
00000010
00000010
00000010
00000100
00000100
00000100
00000100
00000100
00000100
00000100
00000100
00000100
00000100
00000100
00000100
00000001
00000001
00000001
00000001
00000001
00000001
00000001
00000001
00000001
00000001
00000001
00000001
00000001
00000001
00000010
00000100
00000100
00000100
00000100
00001010
00001010
00001010
00001010
00001010
00001010
00001010
00001010
00001010
00000010
00000001
00000001
00000001
00000001
00000001
00000001
00000001
00000001
00000001
00000001
00000001
00000001
00000001
00000001
00000010
00000100
00000100
00000100
00000100
00000000
00001000
00001000
00001000
00001000
00001000
00001000
00001000
00001000
00001000
00001000
00000001
00000001
00000001
00000001
00000001
00000001
00000001
00000001
00000001
00000001
00000001
00000001
00000001
00000001
00000001
00000001
00000001
00000001
00000001
00000001
00000010
00000010
00000010
00000010
00000010
00000010
00000010
00000010
00000010
00000000
00000010
00000010
00000010
00000000
00000100
00001000
00000100
00001000
00001000
00001000
00001000
00001000
00001000
00001000
00001000
00001000
00001000
00001000
00011000
00011000
00011000
00011000
00011000
00011000
00011000
00011000
00011000
00011000
00011000
00011000
00011000
00011000
00011000
00011000
00011000
00011000
00011000 
00011000
00000100
00000100
00000100
00000100
00000100
00000100
00000100
00000100
00000100
00000100
00000010
00000010
00000000
00000100
00001000
00000100
00001000
00000001
00000001
00000011
00000011
00000001
00000001
00000011
00000011
00000001
00000001
00000011
00000011
00000001
00000001
00000011
00000011
00000001
00000001
00000011
00000011
00001000
00001000
00001000
00000100
00000100
00000100
00000010
00000010
00000010
00000001
00000000
00000001
00000001
00000001
00000001